750
741
729
652
570
509
333
45
340
431
592
787
641
621
567
540
332
25
56
361
309
217
314
323
220
342
354
281
508
519
597
790
821
804
667
611
472
389
222
479
539
531
219
650
649
441
347
189
377
35
29
397
448
480
489
691
694
713
293
791
855
890
922
639
230
142
351
33
442
584
767
777
802
829
842
845
854
704
506
477
362
346
265
176
425
303
210
491
369
92
374
439
538
556
604
719
784
807
851
830
768
232
48
514
110
550
228
602
730
772
819
864
931
950
899
456
302
739
642
50
655
663
718
360
78
516
90
154
457
594
497
74
533
827
836
938
959
994
419 833
418 825
405 794
373 583
290 770
280 716
188 885
79 581
792
125
420
202
488
505
593
644
569
357
275
803
852
736
106
889
32 114
31 108
30 94
687
41
158 665
259 494
271 701
363 562
335 345
257 482
227 376
182 856
152 524
80 615
67 470
2 15
905
334
21
826
778
555
440
287
301
473
13
272
404
906
954
989
589 684
601 758
600 753
908
874
860
848
748
370
28
546
742
843
811
145
944
151 522
206 993
215 270
269 674
353 490
375 612
384 643
395 675
337 388
775
260
900
175 840
955
877
799
4
463
34
886
962
57 341
72 543
126 256
173 817
185 873
761
745
733
596
317
299
875
914
551
216
766
53 263
160 670
168 740
171 751
975
430
406
358
211
557
869
822
7
925
917
559
486
229
499
640
60
191 960
244 422
250 452
285 726
291 800
321 912
331 988
336 371
417 801
484 534
495 573
501 624
603 769
558 952
542 866
403 760
266 544
163 714
970
560
412
135
734
849
964
978
130 402
101 847
149
451
268
627
251
678
727
87
111
936
933
893
723
626
325
120
706
676 816
685 882
698 918
668 759
637 967
636 965
634 957
527 763
300
310 881
306 858
221 307
214 236
61 392
52 262
36 118
865
328
75
776
156 617
119 195
102 861
97 814
174
613
261
907
976
987
254
503 664
618 818
696 911
587 657
545 879
487 547
464 947
445 903
437 891
427 841
366 572
76 553
971
693
17
679
308
141
241
504
492 566
459 937
355 518
330 977
951
364
203
532
757
913
926
616
423
239
225
762 793
884 910
901 981
898 961
783 824
750 773
731 749
700 927
812
164
983
892 928
16
43
179
608 810
580 595
498 622
248 444
6 20
575
312
278
391
380
233
629
467
277
103
942
12 51
460
14
844
878
502
193
972
948
298
46 204
823
23
381
276
607 774
628 834
630 838
660 709
245
379
22
393
468
178
520
282
605
385 653
552 943
512 689
382 625
223 318
71 521
724
702
316
132
279
435
192
124 243
198 982
83
426 835
338 407
297 832
295 808
224 327
68 471
485
258
809
880
143 461
207 231
322 932
398 697
496 609
577 585
578 590
526
159
96 797
133 415
238 410
390 662
563 973
717 934
945 946
780
779
591
283
367
73
517 695
586 651
548 920
100
722
645
286
979 980
985 999
113
10 27
998
939
77
997
47 242
896
863
747
536
209
606
690
870
888
859
728
267
755
850
0 8
64 408
104 894
131 413
138 458
123 200
40 169
26 91
433
127
429
170
462
614
743
820
831
754
24
166
356
107
181
348
315
70
148
411
576
771
785
55 339
69 511
246 424
324 956
365 571
564 579
523 737
226 368
966
867
313
213
197
305
3
294
311
1
352
677
725
923
924
95 796
93 795
561
549
530
515
483
139
122
935
115 150
117 155
161 686
529 805
568 582
599 715
632 930
416
255
450
992
199 991
190 929
86 744
82 619
63
610
541
319
274
421
963
66 469
85 721
134 438
116 153
623
112
839
764
738
574
136
11
121
671
708
692
654
500
38
140
707
680
349
177
329
201
396
507
109
167
320
212
400
493
588
746
815
658
9
921
218 304
288 765
264 537
253 455
165 735
137 447
129 401
128 386
184
350 443
399 705
633 949
635 958
659 996
752 781
699 919
478 528
466 984
252 454
144 475
49 249
638
196
59 372
234 383
273 703
535 857
631 876
359 525
172 813
105 995
887
712
186
732
682
453
378
62
554
296
565
656
54 289
465 953
449 915
194
436
81
205
446
669
39
146 481
157 620
18 88
986
647
284
688
343 414
180 846
19
756
672
292
786
208
65 409
99 837
147 513
235
909 916
673 789
474 476
432 862
187
434 872
666 710
782 806
883 897
89
648
240
387
42
428 853
510 681
798 868
902 904
940 941
968 974
788 828
720 990
683 871
598 711
237 394
895
98
969
326
247
84 661
58 344
44 183
37 162
646
5
